,FEVZİ ÇAKMAK CADDESİ,ÇATALCA DEVLET HASTANESİ ACİL GİRİŞİ,ŞERİF AĞA,AYDIN,ŞEHİT EROL OLÇOK,SU TERAZİSİ,AŞIK MAHSUNİ ŞERİF CADDESİ,BLOKLAR- ŞEHİT MEHMET CİVAK,SÜNNET KÖPRÜSÜ,BİLGİ SOKAK,LİLYUM SOKAK,ESENKENT PARK,GÖĞÜS HASTANESİ,VİLLALAR,SEVBAN MEHMET CADDESİ,BEZMİALEM VAKIF ÜNİVERSİTESİ,ŞEHİT TAHSİN GEREKLİ,SELÇUKLAR CAMİİ,ŞEHİT ASKERİ ÇOBAN,NEVZAT AYAZ ANADOLU LİSESİ,SAHİL YOLU-2,DOĞANCILI KÖYÜ,AKASYA KONUTLARI GÖL ETABI,AKPINAR KÖYÜ MEZARLIĞI,EVYAP CAMİİ ,ÖZTEPE CADDESİ,ZÜMRÜT,KIVILCIM SOKAK,YILMAZKENT,ŞENBAĞLAR,NURİ CINGILLIOĞLU MESLEKİ VE TEKNİK ANADOLU LİSESİ,TEKSTİLKENT ÇARŞI,FATİH SULTAN MEHMET EĞİTİM VE ARAŞTIRMA HASTANESİ,ŞEHİT İBRAHİM KOPARIR CADDESİ,FEVZİ ÇAKMAK MAHALLESİ,MARMARA CADDESİ,BULGURLU CADDESİ,HZ.EBUBEKİR CAMİİ,MARMARA ÜNİVERSİTESİ HASTANESİ,ŞEHİT AHMET KOCABAY ANADOLU İMAM HATİP LİSESİ,AYDINLI YOLU CADDESİ,ATATÜRK BULVARI,SANCAKTEPE,KALYON SOKAK,İNCİRTEPE,HALK EKMEK,KARANFİL ALTI,HAREKET SİTESİ,YUNUS,SOĞUKSU MAHALLESİ
FEVZİ ÇAKMAK CADDESİ,0.0,25.991503679787368,60.91377388499801,5.283952852086205,27.419856050714195,5.212690404302249,39.478316204945095,27.41062860327004,20.954358293869973,28.514303445640614,8.373057263635488,7.998296782089124,16.785512729965156,52.12253842324622,23.354531296766652,18.43146706622099,7.306678220154981,33.44641445627803,32.898170750234314,32.790494662407944,37.26410809048631,64.31383670976055,28.478576492522635,32.14622744992764,26.131855216398854,46.52981362225136,8.721270850358394,45.21543303675315,5.146637283527581,38.93497675535,33.30925786163501,14.665566407904716,32.40088281933586,13.701229368520886,12.949787197973375,7.24306870424333,30.125629610088275,13.351172716143909,47.37542015643943,7.229074190264423,52.6623269214007,5.490132485085727,23.520357694628284,43.99483059911994,3.8200254707280696,56.907505060254145,27.73927012140652,28.11092152860359,43.26814915145267,42.141155990376035
ÇATALCA DEVLET HASTANESİ ACİL GİRİŞİ,25.991503679787368,0.0,39.061214646143526,20.84923026898452,49.9530137543076,30.09083480430343,62.395320899336895,44.739678009562496,41.45879236311514,47.734399079860324,21.791536788992747,18.985552452525475,40.694171871678265,72.30774961233745,23.770690088426264,41.304058080437386,22.309931218466392,57.12679684622861,54.285655174552375,54.85668109969107,29.699816708817885,81.74782991688238,51.519522590269865,33.17259949539599,44.157840333683424,68.91156701692643,17.833878834235772,68.75265290844264,20.978175054955685,59.48548019433602,57.06934607943494,34.38862368488373,56.34195259052632,37.378966174419986,34.597869495982245,23.373159014419862,52.78924312128919,35.593839200622064,72.24156986440909,18.92254264346596,77.7544318308877,21.84854744003694,22.84719821628036,68.69896116117903,22.25919717200787,36.690017985721354,46.9298107104637,48.272392366778725,68.37606981937054,58.473865728322224
ŞERİF AĞA,60.91377388499801,39.061214646143526,0.0,56.800252201282326,87.59141097837254,65.93637357068535,99.97856344116933,83.60306751580838,79.62355099528568,86.35340389138611,59.581472657216274,56.06852493962447,77.43956762576957,110.98452673032709,62.40553280550878,78.61358821486489,59.811291579267866,94.20292414940558,92.44364775235823,92.7674105836433,64.33978519962459,120.80225974979376,88.92930325648169,70.85518192507762,82.91596732599578,106.81553377705411,54.78948984028208,105.98879804738912,55.92656645555213,97.96365287037591,94.08960681029058,72.46849343125787,93.22617567530226,74.17844684535989,72.13129878112426,55.1969295050633,90.40664249774011,72.96586266583203,108.21108979895946,53.96806714066214,113.36789388266452,55.54371740636567,61.405233639331676,104.8819828424466,57.899180690550395,6.011442880748231,85.53974574601312,86.69089564134765,104.02025633534788,97.52464630443411
AYDIN,5.283952852086205,20.84923026898452,56.800252201282326,0.0,30.865661044889595,9.375237323444955,43.19654938061461,28.965728085197977,23.436204920948757,30.751047713712683,5.467210365581708,3.0544131417403264,20.65890055928442,55.013903058366004,20.002301883998637,21.846204260570214,4.76389514278611,37.41593809790567,35.99036099883793,36.129825133492595,33.42339163531092,66.48593795424485,32.14257130910151,29.581853265961282,27.879473613493438,50.103250311249376,3.4901019122621086,49.19746442481024,2.1374338109002573,41.81608846559021,37.310169055158376,16.480070246529845,36.47000463370233,17.381653648557908,15.556830704543847,7.618280125134552,33.6595939169253,16.279076305971607,51.891221456998906,3.07074283826135,57.28516069967092,4.4501405886343885,19.96884498378452,48.4337325032052,1.4644823520083308,53.07570512684266,29.944736359216144,30.67227182744899,47.882852139619395,43.7497777007628
ŞEHİT EROL OLÇOK,27.419856050714195,49.9530137543076,87.59141097837254,30.865661044889595,0.0,22.207173825363732,12.453618805649018,11.742988192133742,8.949847296406425,8.011673873091658,28.24689594331829,31.561138711699215,10.777670356324899,25.003305685472416,33.195125592569624,9.037161344277887,27.88235770592217,7.7258442921037895,5.958101708370789,5.392855505505686,44.74903606905884,38.3849283148579,2.0281158585243015,34.33260243564793,10.61883197083761,19.23860442550003,32.83341434099462,18.846691236772262,31.98986461472659,12.149399808220412,7.795155229591724,15.623790971987054,7.514291516056059,13.71863204342804,15.484251867539946,34.32712338036001,2.83749702249649,14.625622380398104,23.708815247540613,33.81154298205536,29.451006116677267,32.89514332327863,34.1549074863369,20.04831842224664,29.882385240387055,83.94136491065377,8.081766469489283,5.966627878861799,20.798857995918414,19.739001921821263
SU TERAZİSİ,5.212690404302249,30.09083480430343,65.93637357068535,9.375237323444955,22.207173825363732,0.0,34.293396512196395,22.776600663021583,15.9684616422515,23.554342965193527,9.621100288975127,11.193609755941784,11.59899233335564,46.93918202045991,23.13185744439254,13.224623202894827,8.66900830572571,28.31386125134486,27.703551631264006,27.578475213930442,37.26844891487617,59.279136372876444,23.278745436876218,30.736813872607833,21.41413420208001,41.32906042081276,12.274336289917354,40.09581019760798,10.00981704813253,33.763441976920674,28.18632011486137,10.233804225745436,27.300495907535808,8.488559696386892,8.097891118633877,12.27933936316607,24.916031706512115,8.320279581535987,42.53383521708487,11.993197913175546,47.91210761894216,10.693796688577812,23.53002130278767,39.09567717116831,8.109598237353133,62.01917844198122,22.7971721969076,23.04142670607273,38.50953652826822,37.367339965485925
AŞIK MAHSUNİ ŞERİF CADDESİ,39.478316204945095,62.395320899336895,99.97856344116933,43.19654938061461,12.453618805649018,34.293396512196395,0.0,20.940994106259325,21.105782722277407,16.74322739101989,40.70045624413279,43.992210867405795,22.69525188925133,15.473063110510292,44.678212869578815,21.365272544074116,40.32919149101555,6.479962235351201,9.050517166824962,7.7873277204916205,55.015823597815945,30.33928822992817,11.05429924585351,44.13371504144996,20.539412190506255,7.187211559060106,45.26108818315861,6.698331815501816,44.218453850157495,8.363299717928271,6.735171105803755,28.02754907014758,7.841078035017563,25.8695667543337,27.92553811998398,46.14042237567446,9.616647260282736,27.036035974552725,13.800544204282383,46.09547365820238,19.199974870638442,44.96797284558782,45.6912290297956,10.63477413351734,42.15666049943268,96.24549149805352,17.34990232672668,15.297154712802618,12.879944348702983,19.726546536010492
BLOKLAR- ŞEHİT MEHMET CİVAK,27.41062860327004,44.739678009562496,83.60306751580838,28.965728085197977,11.742988192133742,22.776600663021583,20.940994106259325,0.0,7.6673683268524755,4.248588361571442,24.65372254434178,28.491402519969395,15.215411909246239,27.64577405260784,24.28937805670647,12.509552974706525,24.744473027241742,18.652798413492523,11.905308707169333,13.483384802554516,34.086470966596316,37.65645729063605,13.692941935019583,23.274714149621825,1.5902710317706847,25.891302130062876,29.732133185506814,27.594540103817607,30.687078739495355,15.379881137152795,18.83164117225864,12.752834553090016,18.874474579022756,16.032769846281244,14.692783710264502,34.63128774284258,13.419441323546677,14.68637525897885,34.13912409810194,32.025191946804796,39.80009576361575,32.30830078560532,25.3461503784934,30.579844291065278,28.47751396384662,80.61919147049936,3.811361617765479,6.074639379975868,31.849506765051512,14.800810463580953
SÜNNET KÖPRÜSÜ,20.954358293869973,41.45879236311514,79.62355099528568,23.436204920948757,8.949847296406425,15.9684616422515,21.105782722277407,7.6673683268524755,0.0,7.586409551795843,20.042434384931436,23.62220046455043,7.601608298378143,31.594069490920873,24.342384525163823,4.950896874907932,19.84243444052985,16.647245605390747,12.8510155292314,13.428759675431802,36.42611381160229,43.36002703614474,10.840019247891501,26.46832478453915,6.094006802330385,27.454779200469936,24.90310303600079,27.66545386129633,24.883018803103678,18.420780845012168,16.691509767821998,7.155139213926337,16.27841673257638,8.47563691503932,8.024899079837619,28.178295595458188,11.676330266327923,7.648269848132662,32.603385767440415,26.489301104702673,38.34109030672491,26.195038491765985,25.280085450685103,28.94009751739543,22.681972771871155,76.23046580356807,6.8370889195987585,7.239497013030549,29.502480082273077,21.537706998245497
BİLGİ SOKAK,28.514303445640614,47.734399079860324,86.35340389138611,30.751047713712683,8.011673873091658,23.554342965193527,16.74322739101989,4.248588361571442,7.586409551795843,0.0,26.92906179417449,30.66162353171759,14.182064584843042,24.63154953810306,28.172474244026706,11.51378229692725,26.86828972371633,14.482981563637134,7.693366784136601,9.234867493012203,38.317681477805316,35.825492945820294,9.830701802775764,27.52282395150406,3.8652203427631675,21.97063288685139,31.93192388655287,23.418637040550607,32.29784878803408,11.797033320482415,14.676570352359121,14.272877048301215,14.788028084091772,15.844221315492941,15.565424977668618,35.747516673515484,9.320926716170408,15.23445423329829,29.890924942464952,33.81965590363318,35.551938637321015,33.69916858126906,29.21232287169106,26.33510268094265,30.085518845411197,83.16410313684644,0.8159182590536631,2.047758531528221,27.64077370353864,14.099607676109148
LİLYUM SOKAK,8.373057263635488,21.791536788992747,59.581472657216274,5.467210365581708,28.24689594331829,9.621100288975127,40.70045624413279,24.65372254434178,20.042434384931436,26.92906179417449,0.0,3.8769842181506946,18.975740407602668,51.50087576326179,15.047444247164206,19.51432728300418,1.0746541917808499,35.33816768979219,32.874480487637804,33.28065341246527,28.892286552038982,62.31010476543816,29.759939396672486,24.269559501192646,23.729947406454524,47.35745990153902,5.085293377175285,46.99174860715786,7.602369936497329,38.40616947373028,35.27865977802515,12.88729716455869,34.55156272868392,15.68273450217678,12.816447212039016,13.012262013051679,31.08384635005034,13.802313404498891,50.52232519914337,8.073157989246978,56.08408368739489,9.882468429388416,15.167046203311036,46.95543122589178,5.984038660590576,56.25244014276163,26.11324601986309,27.137445343815397,46.74031523718157,39.29749083789225
ESENKENT PARK,7.998296782089124,18.985552452525475,56.06852493962447,3.0544131417403264,31.561138711699215,11.193609755941784,43.992210867405795,28.491402519969395,23.62220046455043,30.66162353171759,3.8769842181506946,0.0,21.810403966853155,55.1726620925357,17.21158052607105,22.661958750435083,3.794593166402811,38.436348765881284,36.39395327931009,36.700930655763074,30.44586156649361,66.14320738846557,32.978551824581785,27.016636706064894,27.535832991149782,50.75933007334914,1.2814303489330203,50.16816819847789,4.881641952610484,42.03444958242208,38.35553588606888,16.49065019328366,37.574175815398114,18.49071234167568,16.07882260320187,10.350582281910313,34.388565193195284,16.95987081175574,53.30792524263248,4.579179691734616,58.79110409441675,7.189557738559881,17.11059848966071,49.79059233485331,4.358447428016876,52.60826850269864,29.846842325260816,30.786451664744924,49.40465738116054,43.16197809760477
GÖĞÜS HASTANESİ,16.785512729965156,40.694171871678265,77.43956762576957,20.65890055928442,10.777670356324899,11.59899233335564,22.69525188925133,15.215411909246239,7.601608298378143,14.182064584843042,18.975740407602668,21.810403966853155,0.0,35.75241173540973,27.770676436492558,2.722793664208628,18.38853668976831,16.76335729225463,16.542975774101425,16.169107537007434,41.08545762952716,48.771965983990356,11.701046901563108,32.058813779612166,13.627067299795595,29.749285331176104,23.038702705174046,28.549548475209914,21.55756271323769,22.731856322063155,16.65269645885715,8.569215733875895,15.814623932925194,3.3200753839578203,6.705267404571585,23.574373058765183,13.391152929889548,5.535174795236913,31.554354374744584,23.477018158728942,37.10859945197728,22.275642703983316,28.53963383595508,28.004840989269606,19.5416512223402,73.59550671584054,13.597250439763837,13.007030110411833,27.77435803615373,28.229963590663704
VİLLALAR,52.12253842324622,72.30774961233745,110.98452673032709,55.013903058366004,25.003305685472416,46.93918202045991,15.473063110510292,27.64577405260784,31.594069490920873,24.63154953810306,51.50087576326179,55.1726620925357,35.75241173540973,0.0,51.44947877926568,33.74334820205506,51.3805728452681,21.630281285264576,19.250649449720743,19.655970152700153,58.7251851093984,14.985677043952244,24.473922928767404,47.76964599491554,28.15046128090537,9.836159450560167,56.45053042709216,15.155363445507195,56.38587606513852,13.208104588245668,21.934220955466312,38.68523488558399,23.049331773680453,38.51954343118201,39.48567802384368,59.18164968261205,22.60963649154964,38.87391644773966,23.11989212464515,58.05520826906779,26.14507762070708,57.52978684839777,52.52742661805188,21.92343810843933,54.20495141184068,107.7532431349261,25.444892993401297,24.38809802535829,24.93359047218433,16.71234469984653
SEVBAN MEHMET CADDESİ,23.354531296766652,23.770690088426264,62.40553280550878,20.002301883998637,33.195125592569624,23.13185744439254,44.678212869578815,24.28937805670647,24.342384525163823,28.172474244026706,15.047444247164206,17.21158052607105,27.770676436492558,51.44947877926568,0.0,26.8041937347678,16.085013712866747,40.920718744330216,35.71670313241939,36.910212771954676,14.136623138437196,59.11877121737669,35.146615964608564,10.327283795498566,24.307272659583532,50.130551820247604,17.630651567282033,51.372841328407716,22.041447914006397,39.66310502017235,40.986592574355576,19.229231510367192,40.614929153079814,25.217717323729765,21.256473793433358,27.550151652643276,35.77400418135303,22.418109116102524,56.903808383407274,21.65400471074408,62.645860038538665,24.37551433132872,1.0803927802767768,53.24269673414701,20.8785139034226,60.39653088409516,27.474054128566323,29.402488503758043,53.840918632326456,36.127567505804315
BEZMİALEM VAKIF ÜNİVERSİTESİ,18.43146706622099,41.304058080437386,78.61358821486489,21.846204260570214,9.037161344277887,13.224623202894827,21.365272544074116,12.509552974706525,4.950896874907932,11.51378229692725,19.51432728300418,22.661958750435083,2.722793664208628,33.74334820205506,26.8041937347678,0.0,19.058454084507282,15.82393106664448,14.494290989149341,14.372600445741588,39.73049540857097,46.45312209705209,10.323554486864468,30.32113817260103,10.919833456681133,28.262478409119844,23.92360391103641,27.51182099536402,22.95287387164347,20.606773797688273,15.765558656255669,7.710887703102256,15.059934034604954,4.7778365661867515,6.716188184076684,25.438890313867127,11.814667308455846,5.718918073237639,31.221659403255682,24.77849422984627,36.874116881105174,23.889988169781716,27.639919961286783,27.604301059194587,20.847077951460896,74.91836075998184,10.90741053756007,10.44083089686145,27.669495371366573,25.593847342951815
ŞEHİT TAHSİN GEREKLİ,7.306678220154981,22.309931218466392,59.811291579267866,4.76389514278611,27.88235770592217,8.66900830572571,40.32919149101555,24.744473027241742,19.84243444052985,26.86828972371633,1.0746541917808499,3.794593166402811,18.38853668976831,51.3805728452681,16.085013712866747,19.058454084507282,0.0,34.8732731814221,32.63488801613758,32.97810764376859,29.95744610072651,62.38476480957837,29.347506168271767,25.20963944922503,23.764276389553846,47.04752715088261,5.070177985539036,46.56612047612521,6.867656116610759,38.24819298830847,34.80451116142655,12.702618935317945,34.05420005771051,15.077799333769391,12.405121764884074,12.177876462064226,30.715728029844687,13.339877668835575,49.94205817076685,7.571713157292204,55.478826566210756,9.090494751749926,16.221378065418303,46.39147795583469,5.092519250552109,56.39142585052708,26.053667010932354,26.99575190013444,46.118245889828174,39.45326306944848
SELÇUKLAR CAMİİ,33.44641445627803,57.12679684622861,94.20292414940558,37.41593809790567,7.7258442921037895,28.31386125134486,6.479962235351201,18.652798413492523,16.647245605390747,14.482981563637134,35.33816768979219,38.436348765881284,16.76335729225463,21.630281285264576,40.920718744330216,15.82393106664448,34.8732731814221,0.0,7.888995273211178,5.861443019028266,52.31483741260822,36.25039621170915,5.813680013866408,41.74857985342057,17.803065280482897,13.637814164367347,39.68699695422714,11.786887440170734,38.30667221431958,11.420874866787827,0.34183316271104885,23.059200343814652,1.4210841107080106,20.036429773796907,22.53034871534553,39.94518297361425,5.296196361899088,21.540009870268356,15.983988922450163,40.23871393065085,21.726317022014708,38.921752392028075,41.88064653427984,12.324959462607332,36.304541899620936,90.33299249020322,14.841444103993199,12.578922757635706,13.23636834516249,22.135516176466567
ŞEHİT ASKERİ ÇOBAN,32.898170750234314,54.285655174552375,92.44364775235823,35.99036099883793,5.958101708370789,27.703551631264006,9.050517166824962,11.905308707169333,12.8510155292314,7.693366784136601,32.874480487637804,36.39395327931009,16.542975774101425,19.250649449720743,35.71670313241939,14.494290989149341,32.63488801613758,7.888995273211178,0.0,2.029137363015284,45.99137618020047,32.42734685827949,6.151944097501055,35.14870535625539,11.4966939179608,14.692279910614829,37.675156916972774,15.733351987169602,37.265954804067455,6.20945369917969,8.17236949988442,19.994828163424554,8.707131580804596,19.269366552324467,20.43657074875131,39.93315926773514,4.379624519159016,19.739475316817085,22.360941392068167,38.999690400590005,27.96659361282326,38.32921476480822,36.74131319540113,18.87800491203873,35.10841839390318,88.97615240652304,8.304763131801565,6.321502995796171,20.452126902910603,14.787871465840826
NEVZAT AYAZ ANADOLU LİSESİ,32.790494662407944,54.85668109969107,92.7674105836433,36.129825133492595,5.392855505505686,27.578475213930442,7.7873277204916205,13.483384802554516,13.428759675431802,9.234867493012203,33.28065341246527,36.700930655763074,16.169107537007434,19.655970152700153,36.910212771954676,14.372600445741588,32.97810764376859,5.861443019028266,2.029137363015284,0.0,47.52972439065658,33.33572150970248,4.929859209185183,36.75753090344453,12.90812287589826,14.077163386841645,37.97896960270867,14.467766396572467,37.30869363737492,7.149329281897667,6.143374206089891,20.472697748854184,6.692895177473904,19.09263954278386,20.64179603306324,39.71811867238091,3.0323453252351213,19.853090802993812,20.65913256600494,39.101798649271984,26.31747908830216,38.25856562587588,37.91847121833044,17.12008028063994,35.18279130484444,89.19203800555655,9.753930145096849,7.599963965263784,18.56972628265103,16.656785173456086
SAHİL YOLU-2,37.26410809048631,29.699816708817885,64.33978519962459,33.42339163531092,44.74903606905884,37.26844891487617,55.015823597815945,34.086470966596316,36.42611381160229,38.317681477805316,28.892286552038982,30.44586156649361,41.08545762952716,58.7251851093984,14.136623138437196,39.73049540857097,29.95744610072651,52.31483741260822,45.99137618020047,47.52972439065658,0.0,63.361426929115524,46.77209466116949,11.041780273669781,34.64125481606965,59.45561618887258,30.575801436567275,61.63865473038333,35.32172266801251,48.65492879161337,52.43971172427405,32.545663525620874,52.25915840034746,38.83333418357826,34.86125980411309,40.701858678619864,47.023658900966254,35.984163656149136,68.12502097417173,34.54786274475636,73.82412409980626,37.59564573806135,13.794692516721076,64.51853872931648,34.47340845002926,63.628821143653774,37.77585758441972,39.96178754283852,65.52485276683504,42.178271385400016
DOĞANCILI KÖYÜ,64.31383670976055,81.74782991688238,120.80225974979376,66.48593795424485,38.3849283148579,59.279136372876444,30.33928822992817,37.65645729063605,43.36002703614474,35.825492945820294,62.31010476543816,66.14320738846557,48.771965983990356,14.985677043952244,59.11877121737669,46.45312209705209,62.38476480957837,36.25039621170915,32.42734685827949,33.33572150970248,63.361426929115524,0.0,38.26557856168418,53.1101758081777,38.631145100415125,24.718958386547023,67.3871987390019,29.88028819724343,68.09492681367286,26.252439429083708,36.57035111488797,50.02901762320506,37.66882566234402,51.16635213795507,51.377407162214105,71.53039756765928,36.36802404478612,50.978702352455805,37.229705948856726,69.55624586338934,39.20747565072683,69.52465182260013,60.184579656489696,36.545762990289404,65.87982189214284,118.07775988696427,36.615359148600184,36.24102981009033,39.574844860232574,23.279277700664345
AKASYA KONUTLARI GÖL ETABI,28.478576492522635,51.519522590269865,88.92930325648169,32.14257130910151,2.0281158585243015,23.278745436876218,11.05429924585351,13.692941935019583,10.840019247891501,9.830701802775764,29.759939396672486,32.978551824581785,11.701046901563108,24.473922928767404,35.146615964608564,10.323554486864468,29.347506168271767,5.813680013866408,6.151944097501055,4.929859209185183,46.77209466116949,38.26557856168418,0.0,36.360284897450235,12.612757461515457,18.051240013770293,34.24282346183762,17.233869343428314,33.173907118198585,12.057614423572502,5.851490562049956,17.305322290742268,5.502401569885385,14.826839333424257,16.948554927532527,35.25110078766181,1.897682932212714,16.019941702672543,21.76664620775272,35.043063991899146,27.506424040541607,33.96790728088894,36.09815689290623,18.10358632173815,31.104678975524656,85.1935818737634,9.97451407416772,7.787096697425091,18.789459281529926,20.660918571050736
AKPINAR KÖYÜ MEZARLIĞI,32.14622744992764,33.17259949539599,70.85518192507762,29.581853265961282,34.33260243564793,30.736813872607833,44.13371504144996,23.274714149621825,26.46832478453915,27.52282395150406,24.269559501192646,27.016636706064894,32.058813779612166,47.76964599491554,10.327283795498566,30.32113817260103,25.20963944922503,41.74857985342057,35.14870535625539,36.75753090344453,11.041780273669781,53.1101758081777,36.360284897450235,0.0,23.95900348883386,48.433207037921925,27.59667456341178,50.71930685495052,31.693403849867774,37.62913869503425,41.8951761290181,23.848135794595404,41.79524571045226,30.307831060604542,26.47058869204604,37.20012984563902,36.454648887268306,27.482542279513034,57.408023796985454,31.565290140561284,63.07475002344053,34.02771964184996,10.911561018865692,53.83397512205579,30.252239599725232,69.33337402847265,27.02847759654706,29.25413001875542,54.98492730663892,31.32664558167434
EVYAP CAMİİ ,26.131855216398854,44.157840333683424,82.91596732599578,27.879473613493438,10.61883197083761,21.41413420208001,20.539412190506255,1.5902710317706847,6.094006802330385,3.8652203427631675,23.729947406454524,27.535832991149782,13.627067299795595,28.15046128090537,24.307272659583532,10.919833456681133,23.764276389553846,17.803065280482897,11.4966939179608,12.90812287589826,34.64125481606965,38.631145100415125,12.612757461515457,23.95900348883386,0.0,25.83206753402556,28.7896090216343,27.229047589958792,29.55028150997237,15.552729317011345,17.960165020704302,11.521447683651658,17.923761189802082,14.498579492400204,13.316921498330768,33.36691827542999,12.51902883201963,13.248251051935284,33.4880082695324,30.94685741209817,39.182905609053265,31.11156849775926,25.347485579365305,29.89325221967871,27.336028271358032,79.84240285490473,3.192410534014097,5.32084736718753,31.036573904862692,16.0110188536798
ÖZTEPE CADDESİ,46.52981362225136,68.91156701692643,106.81553377705411,50.103250311249376,19.23860442550003,41.32906042081276,7.187211559060106,25.891302130062876,27.454779200469936,21.97063288685139,47.35745990153902,50.75933007334914,29.749285331176104,9.836159450560167,50.130551820247604,28.262478409119844,47.04752715088261,13.637814164367347,14.692279910614829,14.077163386841645,59.45561618887258,24.718958386547023,18.051240013770293,48.433207037921925,25.83206753402556,0.0,52.03560415928376,5.401715419893695,51.198234715184974,10.805727713266556,13.87466712151492,34.540954180495916,14.961643197257864,32.86535811250635,34.68534231145756,53.26241113914779,16.44913931131739,33.85759745613816,13.820956658977435,53.04037781407788,17.825857514658402,52.019116280905806,51.17532666349397,12.175692469934274,49.10703942785981,103.1786748452993,22.69353604600375,20.935833682268704,15.156395570910078,20.302739333125274
ZÜMRÜT,8.721270850358394,17.833878834235772,54.78948984028208,3.4901019122621086,32.83341434099462,12.274336289917354,45.26108818315861,29.732133185506814,24.90310303600079,31.93192388655287,5.085293377175285,1.2814303489330203,23.038702705174046,56.45053042709216,17.630651567282033,23.92360391103641,5.070177985539036,39.68699695422714,37.675156916972774,37.97896960270867,30.575801436567275,67.3871987390019,34.24282346183762,27.59667456341178,28.7896090216343,52.03560415928376,0.0,51.425347876736076,4.879788686091948,43.31449145635208,39.6037642635866,17.770019630295632,38.816150928807744,19.720406619941272,17.35292965013818,10.126334477462105,35.659688892751454,18.226366195040367,54.51224946487844,4.030164796843667,59.98149948097545,7.050792284562647,17.454126144770175,51.00339711626285,4.933805117808488,51.327432808113976,31.11691876636532,32.065032269571574,50.59055308799665,44.382462585281274
KIVILCIM SOKAK,45.21543303675315,68.75265290844264,105.98879804738912,49.19746442481024,18.846691236772262,40.09581019760798,6.698331815501816,27.594540103817607,27.66545386129633,23.418637040550607,46.99174860715786,50.16816819847789,28.549548475209914,15.155363445507195,51.372841328407716,27.51182099536402,46.56612047612521,11.786887440170734,15.733351987169602,14.467766396572467,61.63865473038333,29.88028819724343,17.233869343428314,50.71930685495052,27.229047589958792,5.401715419893695,51.425347876736076,0.0,50.09229664874299,13.844457526689967,11.90954759542949,34.47000220305327,12.823556707390223,31.815949425930583,34.17704937962572,51.62762814419285,16.03073578814682,33.2276178448923,8.622173879959524,52.02554772588994,13.266341126335206,50.683062382792116,52.38391363923612,6.780742069841385,48.09109176081523,102.11313769978666,24.03774478040776,21.99536320306612,9.779545352398214,24.561679511803213
YILMAZKENT,5.146637283527581,20.978175054955685,55.92656645555213,2.1374338109002573,31.98986461472659,10.00981704813253,44.218453850157495,30.687078739495355,24.883018803103678,32.29784878803408,7.602369936497329,4.881641952610484,21.55756271323769,56.38587606513852,22.041447914006397,22.95287387164347,6.867656116610759,38.30667221431958,37.265954804067455,37.30869363737492,35.32172266801251,68.09492681367286,33.173907118198585,31.693403849867774,29.55028150997237,51.198234715184974,4.879788686091948,50.09229664874299,0.0,43.17798576434397,38.18430851875083,18.069049437298595,37.3065662456442,18.348982305597364,16.90576777233356,5.518761694468996,34.751852222957645,17.528975117670328,52.46098883362429,2.088043249676927,57.77665001452284,2.3393797746377483,21.972332395040542,49.055628425154204,2.2157016523033524,52.03860683657878,31.498342736615804,32.120001761296294,48.378407474965655,45.48661149553434
ŞENBAĞLAR,38.93497675535,59.48548019433602,97.96365287037591,41.81608846559021,12.149399808220412,33.763441976920674,8.363299717928271,15.379881137152795,18.420780845012168,11.797033320482415,38.40616947373028,42.03444958242208,22.731856322063155,13.208104588245668,39.66310502017235,20.606773797688273,38.24819298830847,11.420874866787827,6.20945369917969,7.149329281897667,48.65492879161337,26.252439429083708,12.057614423572502,37.62913869503425,15.552729317011345,10.805727713266556,43.31449145635208,13.844457526689967,43.17798576434397,0.0,11.762095539659496,25.545632607747386,12.6956985547644,25.38348798034829,26.27956895257268,46.02443222966919,10.167582653560178,25.66713660251692,21.928879890530986,44.853292753179645,27.050072653918278,44.329837215179836,40.72251726354899,18.94652136106242,40.99811628379301,94.6392749945007,12.58648264966872,11.272897354470057,21.241592810001425,11.390003140883614
NURİ CINGILLIOĞLU MESLEKİ VE TEKNİK ANADOLU LİSESİ,33.30925786163501,57.06934607943494,94.08960681029058,37.310169055158376,7.795155229591724,28.18632011486137,6.735171105803755,18.83164117225864,16.691509767821998,14.676570352359121,35.27865977802515,38.35553588606888,16.65269645885715,21.934220955466312,40.986592574355576,15.765558656255669,34.80451116142655,0.34183316271104885,8.17236949988442,6.143374206089891,52.43971172427405,36.57035111488797,5.851490562049956,41.8951761290181,17.960165020704302,13.87466712151492,39.6037642635866,11.90954759542949,38.18430851875083,11.762095539659496,0.0,23.04718505547149,1.1183419382182407,19.93515141429944,22.477381378430213,39.7809028072887,5.442162463814183,21.477396336807363,15.91881813001535,40.12275804012013,21.660090447653054,38.780896947003946,41.94247028492704,12.256609617275988,36.190428178839035,90.20375081414014,15.020734340083377,12.757030308531656,13.093931250743768,22.461871121243803
TEKSTİLKENT ÇARŞI,14.665566407904716,34.38862368488373,72.46849343125787,16.480070246529845,15.623790971987054,10.233804225745436,28.02754907014758,12.752834553090016,7.155139213926337,14.272877048301215,12.88729716455869,16.49065019328366,8.569215733875895,38.68523488558399,19.229231510367192,7.710887703102256,12.702618935317945,23.059200343814652,19.994828163424554,20.472697748854184,32.545663525620874,50.02901762320506,17.305322290742268,23.848135794595404,11.521447683651658,34.540954180495916,17.770019630295632,34.47000220305327,18.069049437298595,25.545632607747386,23.04718505547149,0.0,22.456266153888095,6.459874272942664,2.795651704073584,21.87895571193638,18.448540562786594,3.6580376155322143,38.7604864597354,19.549742451677623,44.44948805210208,19.590683869723208,20.024339250904045,35.11838618803134,15.853407002099171,69.09371514062187,13.465377307517505,14.29730196696667,35.315943244514706,27.52246240518684
FATİH SULTAN MEHMET EĞİTİM VE ARAŞTIRMA HASTANESİ,32.40088281933586,56.34195259052632,93.22617567530226,36.47000463370233,7.514291516056059,27.300495907535808,7.841078035017563,18.874474579022756,16.27841673257638,14.788028084091772,34.55156272868392,37.574175815398114,15.814623932925194,23.049331773680453,40.614929153079814,15.059934034604954,34.05420005771051,1.4210841107080106,8.707131580804596,6.692895177473904,52.25915840034746,37.66882566234402,5.502401569885385,41.79524571045226,17.923761189802082,14.961643197257864,38.816150928807744,12.823556707390223,37.3065662456442,12.6956985547644,1.1183419382182407,22.456266153888095,0.0,19.11517200084131,21.775713969788022,38.81638952524941,5.467738653980546,20.751737325141537,16.35486259033484,39.25876517522987,22.081391697866938,37.86341882081704,41.55765701721483,12.695842379677805,35.33158852383132,89.30595975008066,15.075855090722712,12.816927269070593,13.287152819717369,23.2155765136012
ŞEHİT İBRAHİM KOPARIR CADDESİ,13.701229368520886,37.378966174419986,74.17844684535989,17.381653648557908,13.71863204342804,8.488559696386892,25.8695667543337,16.032769846281244,8.47563691503932,15.844221315492941,15.68273450217678,18.49071234167568,3.3200753839578203,38.51954343118201,25.217717323729765,4.7778365661867515,15.077799333769391,20.036429773796907,19.269366552324467,19.09263954278386,38.83333418357826,51.16635213795507,14.826839333424257,30.307831060604542,14.498579492400204,32.86535811250635,19.720406619941272,31.815949425930583,18.348982305597364,25.38348798034829,19.93515141429944,6.459874272942664,19.11517200084131,0.0,3.976046726010777,20.66508342608693,16.435041456291998,2.8558029884693554,34.86484680955853,20.236008108736048,40.40583452437238,19.178836833495335,25.92542494563397,31.32129281103667,16.296818013749316,70.37994306567613,15.158838179793445,15.009734532342824,31.05758133180296,29.92499256977252
FEVZİ ÇAKMAK MAHALLESİ,12.949787197973375,34.597869495982245,72.13129878112426,15.556830704543847,15.484251867539946,8.097891118633877,27.92553811998398,14.692783710264502,8.024899079837619,15.565424977668618,12.816447212039016,16.07882260320187,6.705267404571585,39.48567802384368,21.256473793433358,6.716188184076684,12.405121764884074,22.53034871534553,20.43657074875131,20.64179603306324,34.86125980411309,51.377407162214105,16.948554927532527,26.47058869204604,13.316921498330768,34.68534231145756,17.35292965013818,34.17704937962572,16.90576777233356,26.27956895257268,22.477381378430213,2.795651704073584,21.775713969788022,3.976046726010777,0.0,20.187126590648443,18.314698626256405,1.1777879886050366,37.89197010329316,18.579525122157293,43.51883371121261,18.17125823451762,21.978343898488014,34.288301056674925,14.719601148590607,68.56437241015318,14.789484133770221,15.237122904441547,34.25655933896316,29.276853740691525
MARMARA CADDESİ,7.24306870424333,23.373159014419862,55.1969295050633,7.618280125134552,34.32712338036001,12.27933936316607,46.14042237567446,34.63128774284258,28.178295595458188,35.747516673515484,13.012262013051679,10.350582281910313,23.574373058765183,59.18164968261205,27.550151652643276,25.438890313867127,12.177876462064226,39.94518297361425,39.93315926773514,39.71811867238091,40.701858678619864,71.53039756765928,35.25110078766181,37.20012984563902,33.36691827542999,53.26241113914779,10.126334477462105,51.62762814419285,5.518761694468996,46.02443222966919,39.7809028072887,21.87895571193638,38.81638952524941,20.66508342608693,20.187126590648443,0.0,36.96510595919688,20.552163576880954,53.11928359355213,6.2146815038669425,58.19337338999873,3.179405099254278,27.461171181621527,49.87772976505605,7.1011838610018385,50.86351079145915,34.975344775673236,35.305846276851376,48.87540267900487,49.377666394643136
BULGURLU CADDESİ,30.125629610088275,52.78924312128919,90.40664249774011,33.6595939169253,2.83749702249649,24.916031706512115,9.616647260282736,13.419441323546677,11.676330266327923,9.320926716170408,31.08384635005034,34.388565193195284,13.391152929889548,22.60963649154964,35.77400418135303,11.814667308455846,30.715728029844687,5.296196361899088,4.379624519159016,3.0323453252351213,47.023658900966254,36.36802404478612,1.897682932212714,36.454648887268306,12.51902883201963,16.44913931131739,35.659688892751454,16.03073578814682,34.751852222957645,10.167582653560178,5.442162463814183,18.448540562786594,5.467738653980546,16.435041456291998,18.314698626256405,36.96510595919688,0.0,17.44297164392725,21.19272398536882,36.59140900548349,26.929247170595392,35.609760110589164,36.74980026285712,17.549154949668143,32.657902955537196,86.73297952639327,9.61464341069948,7.352978412766365,18.53093320871608,19.079638642843868
HZ.EBUBEKİR CAMİİ,13.351172716143909,35.593839200622064,72.96586266583203,16.279076305971607,14.625622380398104,8.320279581535987,27.036035974552725,14.68637525897885,7.648269848132662,15.23445423329829,13.802313404498891,16.95987081175574,5.535174795236913,38.87391644773966,22.418109116102524,5.718918073237639,13.339877668835575,21.540009870268356,19.739475316817085,19.853090802993812,35.984163656149136,50.978702352455805,16.019941702672543,27.482542279513034,13.248251051935284,33.85759745613816,18.226366195040367,33.2276178448923,17.528975117670328,25.66713660251692,21.477396336807363,3.6580376155322143,20.751737325141537,2.8558029884693554,1.1777879886050366,20.552163576880954,17.44297164392725,0.0,36.813025360494976,19.267905970046883,42.42647093955953,18.67827036418824,23.14623854303304,33.218637235217386,15.369151181213104,69.34042854154882,14.479757684445202,14.760012767969476,33.14698193616468,29.10391800121054
MARMARA ÜNİVERSİTESİ HASTANESİ,47.37542015643943,72.24156986440909,108.21108979895946,51.891221456998906,23.708815247540613,42.53383521708487,13.800544204282383,34.13912409810194,32.603385767440415,29.890924942464952,50.52232519914337,53.30792524263248,31.554354374744584,23.11989212464515,56.903808383407274,31.221659403255682,49.94205817076685,15.983988922450163,22.360941392068167,20.65913256600494,68.12502097417173,37.229705948856726,21.76664620775272,57.408023796985454,33.4880082695324,13.820956658977435,54.51224946487844,8.622173879959524,52.46098883362429,21.928879890530986,15.91881813001535,38.7604864597354,16.35486259033484,34.86484680955853,37.89197010329316,53.11928359355213,21.19272398536882,36.813025360494976,0.0,54.494569952685154,5.742332088416225,52.6783361347549,57.86116772838807,3.6632883136435805,50.64252364983639,103.981625946467,30.381652713387908,28.170817232991244,4.427248296077832,32.99813012241747
ŞEHİT AHMET KOCABAY ANADOLU İMAM HATİP LİSESİ,7.229074190264423,18.92254264346596,53.96806714066214,3.07074283826135,33.81154298205536,11.993197913175546,46.09547365820238,32.025191946804796,26.489301104702673,33.81965590363318,8.073157989246978,4.579179691734616,23.477018158728942,58.05520826906779,21.65400471074408,24.77849422984627,7.571713157292204,40.23871393065085,38.999690400590005,39.101798649271984,34.54786274475636,69.55624586338934,35.043063991899146,31.565290140561284,30.94685741209817,53.04037781407788,4.030164796843667,52.02554772588994,2.088043249676927,44.853292753179645,40.12275804012013,19.549742451677623,39.25876517522987,20.236008108736048,18.579525122157293,6.2146815038669425,36.59140900548349,19.267905970046883,54.494569952685154,0.0,59.82691155171941,3.378348647992962,21.484268770999307,51.076319532570864,3.9393448953041488,50.15054168558114,33.013774188180726,33.72741905082116,50.42678430258513,46.80319344576885
AYDINLI YOLU CADDESİ,52.6623269214007,77.7544318308877,113.36789388266452,57.28516069967092,29.451006116677267,47.91210761894216,19.199974870638442,39.80009576361575,38.34109030672491,35.551938637321015,56.08408368739489,58.79110409441675,37.10859945197728,26.14507762070708,62.645860038538665,36.874116881105174,55.478826566210756,21.726317022014708,27.96659361282326,26.31747908830216,73.82412409980626,39.20747565072683,27.506424040541607,63.07475002344053,39.182905609053265,17.825857514658402,59.98149948097545,13.266341126335206,57.77665001452284,27.050072653918278,21.660090447653054,44.44948805210208,22.081391697866938,40.40583452437238,43.51883371121261,58.19337338999873,26.929247170595392,42.42647093955953,5.742332088416225,59.82691155171941,0.0,57.8973442596499,63.602547377828515,9.403483394711454,56.00883793236242,109.03637312032184,36.06048308811963,33.86263335055751,9.402674364117965,37.80340569252373
ATATÜRK BULVARI,5.490132485085727,21.84854744003694,55.54371740636567,4.4501405886343885,32.89514332327863,10.693796688577812,44.96797284558782,32.30830078560532,26.195038491765985,33.69916858126906,9.882468429388416,7.189557738559881,22.275642703983316,57.52978684839777,24.37551433132872,23.889988169781716,9.090494751749926,38.921752392028075,38.32921476480822,38.25856562587588,37.59564573806135,69.52465182260013,33.96790728088894,34.02771964184996,31.11156849775926,52.019116280905806,7.050792284562647,50.683062382792116,2.3393797746377483,44.329837215179836,38.780896947003946,19.590683869723208,37.86341882081704,19.178836833495335,18.17125823451762,3.179405099254278,35.609760110589164,18.67827036418824,52.6783361347549,3.378348647992962,57.8973442596499,0.0,24.296529802415904,49.33827943345355,4.098021468577492,51.46385466049638,32.9103124161183,33.402789946958364,48.52098377260366,47.10194737766143
